718 785 778 785 214 778   0   0   0 785 378   0   0  13 429 167 414  71 513  72 337 773 493 786 491   0  86 491 413 620 491 237 194 237  86  86  75 237 491 544  18 448 627 286 757 651 285  31 554 715 487 540  30 679 328 330 433 491 628 257 477 628 413 662 543   0  36 134 682 766 573 586 360 681   0
247 377 771 403 646 725 422 687 345 186 790 652 213 511 147 521 239 464 713 112 626 716 487   0 350 384 336  26 478 641 426 204   2 299 549 639 329 346 197 662 136 254 782  79 786 613 636 134 423 762   0  64 164 704 227 719 180  51 177 134  53 601 328 492 183 296  64 692 578 709 515 328 610 398   0
119 661  32 289 543 766 240 672 628 765 766 753 310  86  29 521 629  89 220 751 391 236 750 594 216 244 480 773  79 565 778 487 370 237 433 778 611 752 194  86 766 564 703 433 563   0 152 590 198 254 611   0 688 563 413 778 766 119 237  75 778 526 474 237  75  52  71  96  72 563 742 319 555 312   0
592 120 491 213 538 253  13 237 394 785 336  13 194  86 785 319 378 413 628 429 215   0 381 751 719 553 770  86 771 419 247  13 237 117 526 369  13 194 628 778 112 645 491 563 785 615 635 544 252 451  99 770 433 697 310 192  13  75  26 766 690 179  75 587 785  22 378 628 620 611  59 509 111 327   0
434  46 534 346 299 666 347 223 478 675 337   0 394   0 736 662 321 746 478   0 140   0 299 393 516 770 766 785  52 419 785 526 378 785 766 645 785 526 526 120  71 378 526  52 618  78 693 467 161 612 412 382 261 393  26 765  29 433 197 727 443 223 563 228 669 621 528 105 477 204 145 204 211 251   0
645 785 438  86 249 620  13   0 394 237 237 194  13   0 286  59  43   0 526  13 629  52   0 413 455 242  71 563  86   9 413 526   0 228  75 237  43 778 179 139  52 194   0  52  13 120 778 173  75 258 766  52 620  75 758 228 778   0 223  75 491 194  13   0 289 753 194  43 785   0 272 778 771  86   0
269 390  32 361 141  75  18 785  48 661 194 773 778 255 655 544  55  52 290 245 156   0 340 499  32 620 190 326 668   0 237  26 785 487 496 194 129 778 350 530 491 625 378 283 435 117 222 178  62  98  79 473 723 789 210  75 457 526 240 749 194 581  13 774 235  75 138 785 206 399  79 625 718 720   0
435 114 764 143 503 513   0 428 347 512 215 673  72 448 704 180 258 544  18 614 400 223 102 682 645 683 441 342 313 269   0 470 416 197 228  40  27 117 662 391 215 412 433 620 100 534 587 478 355 268 300  53 596 331 253 509 291 402  37   0 770 414 431 274 510 645 319 220 622   0 572 531 124 160   0
742 432 352 739 409 496 107 768 780 500  77 581 783 790 169 635   0  11 597 732 537 605 522 354 512   0 342 480 231   0 369   0 456  74 304 765  65 135 588  42 486 140 289 524 303 501 154 125 432 233 393  31 222 487 343  20 238 586 645 161  46 102 547 378 280 294 201 547 753 283 112 138 591  28   0
444  66 304  54   0 189 380 636 661 387 101 174 725 104 303 191   1 246 309 123  40 191  90   0   6  85   0 109 128 135 751 767 525 398 398 430 403 633 515 357 456  46 528  59 429 750 717 762 528 189 117 421 296  23  59 413  38 759 611 753 491 413 353 378 526 413 491 550 770 778 252 786 550 446   0
272 645 778 179 629 778  13 778 759  86 449  86 505   0 194 235 491  75 223  36   5 436 312 375   0  84  48 378  13 588 526  13 526 730 544 315 413  43  43  86 142 628 544 552 753 173 424 733 730 742   0 627 534 596 338 611  52 611 312 627 648 393  75  86 690 267 674 372 645 778 400 530 733 591   0
544 288 770 491  52 194  13  13   0 778 505 179 179   0 778  75 778   0   0 785 628 614 778  75 398 228 753 202  43 296  75   0  13 505 778  43   0 179   0  13 491  13 179 505 778 662  52 785 194 538 163 753 414 237 682 413  13 778 505 778 194 179  13   0 778  86 785  13   0 526 117 612 753 237   0
517  20 478  70 219 299 520 782 152  94 620 223 517 701 772   0  79   0 478 289 464 713 349 336 284 340 119 638 354  32 127 169   0 281 583 558 530 738  36 776 423 737 578 469 485 741   0 114 523 667  94 468 699 699 159 787 323 646  91 322 617 329 387  37 597 208 329 204  99 456  64 168 530  97   0
352 642 735 368 758   0 654 631 444   0 520 321  47 596 728 188 701 598 276  78 144 534 269 308 411 313 469 380 288 164 153 250 106 350 278 258 653 156 296 567 710 299 339 539 723 577  38 520 349   0 374 371 586 283 757  95 777 279 763 790 260 779 309  66  27 399 313 566 570 692 156 172 287 784   0
  0 526 194 252 440   0  43  43  13 123 704  43 378 179 413 382   0 778 654 433 119  52  74 587 446 378 718  43 184 326 778   0  43 179 429 142  43 766 179 627 563 266 526  83   0 403   9 395 197 535 526 770 194 175   7  13  43 194  13 414 112  43 611   0 478 223 787 785 699 456 736 357 277 173   0
303 238 620 517 785 261 433 237 505 398 628 563  75 505 734  43 237  43  43 394 587 675 137 752 778 457 196 405 736 171 539 774 636 139 325 487 778 378  73 107   0 681 227 173  29 544 396 603 726  55 275 753 766 761 620 785  13 778 162 347  13 179   0 526 737  28 179  13 296 197 616 378 770 373   0
275 167 351 242 326 555 161  40 611 429   6 523 333 444  89 369   0 214 547 649 565 652 344 310 737 187 270 273  53 104 429 202 548 291 774 649 684 606 601 719 631  59 523 539  36 105 480 165 270 132 587 197 117 132 124 550   0 321 737  76 433 587 197 252 412 740 173 394 286  46 393 139  30 644   0
778 272  95 620 222  52 260 628   0 278 145 170 434 325 702 337 512 172 677 156   7 547 349 220 274 610   0 390 223 761 181 662 786 383 343 520 549   0 357 523 786 569 187 719 417 673 591 453 710   0 433 587 197 443 781 491 491 520 272 378  86 252 429 179 766 394 770 778 778 288  40 785 611  84   0
565 740 212 465 230 517 185 766 515 253 252 212 378 661 771 506 368 753 477 184 604  89  74 252 127 679 779 555 312 266 128 159 378 615 105 772 547 378 186 662 256  84 429 565 740 207 279 552 628 320 661 423  66 249 198  57 155 766 406 321 721 586 766  39  20 198  96 120 337  46 704 392 437 786   0
 65 786 710 546 368 190   0 429 645 730  10  71  48 719 569 309 564 615 224 553 480 625 551   0 142 609  79 443 733 538 788 593 629  66 496  82 471 741 640 203 127 600 367  72 252 579  85   0 345  38 562 653 639 645 753 617 231 753 766 614 110  28 612  81 107 162 444 758 152 321 759 733 214 182   0
314 202 629 309 781 357 774 351 187 350 343 730  53 222 760 626  28 396 281 107  53 610 605   0  38 120  52 618 386 399 317 692 583  33 782 758 519 156 478  29 212 176 639  38 211  62 780 767 466 260 753 378 753 775 592 789 780 744 345  72 650 336 634   0  79 377   4 602 575 599 323 638 335 233   0
 38 544 627 137 528 778 179  13 778 429 241 771 397 687 175 675 727 534 130 139 406 586  59 586 192 757 685 701 765   0 526 778 778 526 611 565 563 433 563  33 223 740 628 627 701 441 388 283 283 176   0 520 494 743 790 526 778 778 526 645   0 620 544 563 528 662 394 223 685  26 689 614  66 596   0
425 491 740 179 742 785 513 505 526 778 758 179 505 505 778  18 179 770 505 281 665 383 526   0 534 388 237 237  13 473 526 314 505 206  52 573 179 505 505 378 634 179   9 505 116  37  93 753 228 740 538  86 237 778  72 778 120 505 414 753 718 179  43 505 378 751 179 766 505 339 336 560 778 492   0
 70 587 628   0 578 433  86 433 252 290 628 252 423  64 766  11 572 279 291 378 333 283 614 681 785 323 622   3 506 659 627  29   2 558 560 337 499 372 180 131 599  27 722 270 601 638  42 578 171 586 351 234 490 672 709  34 353 541 613 128 335  66 161 470 134 351 225 759 440 260 212 560 256 701   0
  0 782 528 436 595  79 448 220 390 582 707 196 308 527 121 691  81 221  42 588  55 588 276 304 586 487 716 618  40 693 471 328 255 234 191 293 375  62 650 471 783 518 641 329 725 773   0   0 408 124 766 753 645 645 753 351 476 242 396 442 362 483  47 235 342 448  29 223 620 105 381 170 382 563   0
778 731   0 790 103 509 194 314 778 310 197 666 179 785 223 412 378 179 172  86 234 785 314 433 786  66 413 237 666 187 754 505 675 785 618  75 491 526 753 105 491 183 526 644 393  29 343 119  79 519  52 520  86  31 225 248  43 205 778 202  75  86 778 378 236 491 610  13 461  26 261 753 487 617   0
123   0 433 672 705  86 405 778  92 223 491 611 179  79 491 645 176  75 188 730 555 565 491  52 645 766 134 197 312 770 412 488 778 290  70 223 766 179  26 563 526 716 413 365 626 242 408 587 753 733 476  18 491 363  52 413 384 645 377   0 491  64 526 628 413 645 135 194 517 360 242 544  75 548   0
737 671 309 414 612 563 261 235 388 681 563 337 252 309 414 565 620 337 529 681 153  29 740 736 750 684 618 110 467  51 238 427 154 212 684 192   8  37 268 283   5 374 737 406 350 383  44 257  99 361 421 218 755 264 363 508 631 174 227   0 530 109 725 463 442  45 219 604 471 270 613 275  34 172   0
482 294  38 416 780 157 472 241  16 221 532  19  14 245 668 439  59 209 227 718   0 649  19 277 570 478 412 447 112 249 662 620  29 634 372 786 587 544 534 717 394 223 587 197 238   0 565 565 786 236 212 206 357   7 264 406 264 567   0 629 458 371 513   0 368 461 471 178 539 215 585   0 761 683   0
681 429 378 378   0  78 778 179 778 429 429 526 526 378   0 620  86 505 413  79  75  75  75 491 620 202 441  42 741 654 477 224 512 475 687 129 376   8 277 552   0 491 505 433  95 197 228  38 582 747 774 320  79 197 565 381 549 620   0 628 555 429  28 716 406 276 191 623 547 419 692 240 766  52   0
666 221 588 528 258 137 665 538 340 457 438 505 505 505 339  13 179 179  13 769  79 396 785 766 302   0 774  52  64 731 139 717 378  40 673 430 505 505 505   0 778 179 179 778 164 433 295   9 591 413 438 191  84 638 686  29  49 120 614 385 438 505 505 505 602  13 179 179 785 161 585   0 429 429   0
191 578 522 713 264 524 543 166 639 212 488 639 139 207  73 532  22 562 533 310 776 456 522 323 121 704 648 260 289 596 663 174 188 562 326 421 721 687 486 781 167  57 147 473 110 377 457 430 166 560 119 595 472  68 479  32 171 128 363 262 458 469 332 633 463  51 311 540 452 264 221 435 703 155   0
